[gd_scene load_steps=4 format=2]

[ext_resource path="res://Objects/ToolHolder.gd" type="Script" id=1]

[sub_resource type="CubeMesh" id=1]
size = Vector3( 0.5, 0.1, 0.5 )

[sub_resource type="BoxShape" id=2]
extents = Vector3( 0.25, 0.05, 0.25 )

[node name="ToolHolder" type="StaticBody"]
script = ExtResource( 1 )

[node name="Mesh" type="MeshInstance" parent="."]
mesh = SubResource( 1 )
material/0 = null

[node name="plusZ" type="CollisionShape" parent="."]
transform = Transform( 0.984808, -0.173648, 0, 0.173648, 0.984808, 0, 0, 0, 1, 0, 0, 0 )
shape = SubResource( 2 )

[node name="plusX" type="CollisionShape" parent="."]
transform = Transform( 1, 0, 0, 0, 0.984808, -0.173648, 0, 0.173648, 0.984808, 0, 0, 0 )
shape = SubResource( 2 )

[node name="minusX" type="CollisionShape" parent="."]
transform = Transform( 1, 0, 0, 0, 0.984808, 0.173648, 0, -0.173648, 0.984808, 0, 0, 0 )
shape = SubResource( 2 )

[node name="minusZ" type="CollisionShape" parent="."]
transform = Transform( 0.984808, 0.173648, 0, -0.173648, 0.984808, 0, 0, 0, 1, 0, 0, 0 )
shape = SubResource( 2 )
